1 31 33

2 10944121435919637611123202872628637544274182200208017171849102093287904247809 1 1368015184586208377692962645747596915105636153469842199510504144919754569108 2
2 10944121435919637611123202872628637544274182200208017171849102093287904247808 1 1368015184586208377692962645747596915105636153469842199510504144919754569108 2
0

1 1 33
2 21888242871839275222246405745257275088548364400416034343698204186575808495616 1 1 33
0

1 1 32
2 21888242871839275222246405745257275088548364400416034343698204186575808495616 1 1 32
0

1 1 31
2 21888242871839275222246405745257275088548364400416034343698204186575808495616 1 1 31
0

1 1 30
2 21888242871839275222246405745257275088548364400416034343698204186575808495616 1 1 30
0

1 1 29
2 21888242871839275222246405745257275088548364400416034343698204186575808495616 1 1 29
0

1 1 28
2 21888242871839275222246405745257275088548364400416034343698204186575808495616 1 1 28
0

1 1 27
2 21888242871839275222246405745257275088548364400416034343698204186575808495616 1 1 27
0

1 1 26
2 21888242871839275222246405745257275088548364400416034343698204186575808495616 1 1 26
0

1 1 25
2 21888242871839275222246405745257275088548364400416034343698204186575808495616 1 1 25
0

1 1 24
2 21888242871839275222246405745257275088548364400416034343698204186575808495616 1 1 24
0

1 1 23
2 21888242871839275222246405745257275088548364400416034343698204186575808495616 1 1 23
0

1 1 22
2 21888242871839275222246405745257275088548364400416034343698204186575808495616 1 1 22
0

1 1 21
2 21888242871839275222246405745257275088548364400416034343698204186575808495616 1 1 21
0

1 1 20
2 21888242871839275222246405745257275088548364400416034343698204186575808495616 1 1 20
0

1 1 19
2 21888242871839275222246405745257275088548364400416034343698204186575808495616 1 1 19
0

1 1 18
2 21888242871839275222246405745257275088548364400416034343698204186575808495616 1 1 18
0

1 1 17
2 21888242871839275222246405745257275088548364400416034343698204186575808495616 1 1 17
0

1 1 16
2 21888242871839275222246405745257275088548364400416034343698204186575808495616 1 1 16
0

1 1 15
2 21888242871839275222246405745257275088548364400416034343698204186575808495616 1 1 15
0

1 1 14
2 21888242871839275222246405745257275088548364400416034343698204186575808495616 1 1 14
0

1 1 13
2 21888242871839275222246405745257275088548364400416034343698204186575808495616 1 1 13
0

1 1 12
2 21888242871839275222246405745257275088548364400416034343698204186575808495616 1 1 12
0

1 1 11
2 21888242871839275222246405745257275088548364400416034343698204186575808495616 1 1 11
0

1 1 10
2 21888242871839275222246405745257275088548364400416034343698204186575808495616 1 1 10
0

1 1 9
2 21888242871839275222246405745257275088548364400416034343698204186575808495616 1 1 9
0

1 1 8
2 21888242871839275222246405745257275088548364400416034343698204186575808495616 1 1 8
0

1 1 7
2 21888242871839275222246405745257275088548364400416034343698204186575808495616 1 1 7
0

1 1 6
2 21888242871839275222246405745257275088548364400416034343698204186575808495616 1 1 6
0

1 1 5
2 21888242871839275222246405745257275088548364400416034343698204186575808495616 1 1 5
0

1 1 4
2 21888242871839275222246405745257275088548364400416034343698204186575808495616 1 1 4
0

1 1 3
2 21888242871839275222246405745257275088548364400416034343698204186575808495616 1 1 3
0

32 1 2 21888242871839275222246405745257275088548364400416034343698204186575808495615 3 21888242871839275222246405745257275088548364400416034343698204186575808495613 4 21888242871839275222246405745257275088548364400416034343698204186575808495609 5 21888242871839275222246405745257275088548364400416034343698204186575808495601 6 21888242871839275222246405745257275088548364400416034343698204186575808495585 7 21888242871839275222246405745257275088548364400416034343698204186575808495553 8 21888242871839275222246405745257275088548364400416034343698204186575808495489 9 21888242871839275222246405745257275088548364400416034343698204186575808495361 10 21888242871839275222246405745257275088548364400416034343698204186575808495105 11 21888242871839275222246405745257275088548364400416034343698204186575808494593 12 21888242871839275222246405745257275088548364400416034343698204186575808493569 13 21888242871839275222246405745257275088548364400416034343698204186575808491521 14 21888242871839275222246405745257275088548364400416034343698204186575808487425 15 21888242871839275222246405745257275088548364400416034343698204186575808479233 16 21888242871839275222246405745257275088548364400416034343698204186575808462849 17 21888242871839275222246405745257275088548364400416034343698204186575808430081 18 21888242871839275222246405745257275088548364400416034343698204186575808364545 19 21888242871839275222246405745257275088548364400416034343698204186575808233473 20 21888242871839275222246405745257275088548364400416034343698204186575807971329 21 21888242871839275222246405745257275088548364400416034343698204186575807447041 22 21888242871839275222246405745257275088548364400416034343698204186575806398465 23 21888242871839275222246405745257275088548364400416034343698204186575804301313 24 21888242871839275222246405745257275088548364400416034343698204186575800107009 25 21888242871839275222246405745257275088548364400416034343698204186575791718401 26 21888242871839275222246405745257275088548364400416034343698204186575774941185 27 21888242871839275222246405745257275088548364400416034343698204186575741386753 28 21888242871839275222246405745257275088548364400416034343698204186575674277889 29 21888242871839275222246405745257275088548364400416034343698204186575540060161 30 21888242871839275222246405745257275088548364400416034343698204186575271624705 31 21888242871839275222246405745257275088548364400416034343698204186574734753793 32 21888242871839275222246405745257275088548364400416034343698204186573661011969 33
33 21888242871839275222246405745257275088548364400416034343698204186575808495616 1 1 2 21888242871839275222246405745257275088548364400416034343698204186575808495615 3 21888242871839275222246405745257275088548364400416034343698204186575808495613 4 21888242871839275222246405745257275088548364400416034343698204186575808495609 5 21888242871839275222246405745257275088548364400416034343698204186575808495601 6 21888242871839275222246405745257275088548364400416034343698204186575808495585 7 21888242871839275222246405745257275088548364400416034343698204186575808495553 8 21888242871839275222246405745257275088548364400416034343698204186575808495489 9 21888242871839275222246405745257275088548364400416034343698204186575808495361 10 21888242871839275222246405745257275088548364400416034343698204186575808495105 11 21888242871839275222246405745257275088548364400416034343698204186575808494593 12 21888242871839275222246405745257275088548364400416034343698204186575808493569 13 21888242871839275222246405745257275088548364400416034343698204186575808491521 14 21888242871839275222246405745257275088548364400416034343698204186575808487425 15 21888242871839275222246405745257275088548364400416034343698204186575808479233 16 21888242871839275222246405745257275088548364400416034343698204186575808462849 17 21888242871839275222246405745257275088548364400416034343698204186575808430081 18 21888242871839275222246405745257275088548364400416034343698204186575808364545 19 21888242871839275222246405745257275088548364400416034343698204186575808233473 20 21888242871839275222246405745257275088548364400416034343698204186575807971329 21 21888242871839275222246405745257275088548364400416034343698204186575807447041 22 21888242871839275222246405745257275088548364400416034343698204186575806398465 23 21888242871839275222246405745257275088548364400416034343698204186575804301313 24 21888242871839275222246405745257275088548364400416034343698204186575800107009 25 21888242871839275222246405745257275088548364400416034343698204186575791718401 26 21888242871839275222246405745257275088548364400416034343698204186575774941185 27 21888242871839275222246405745257275088548364400416034343698204186575741386753 28 21888242871839275222246405745257275088548364400416034343698204186575674277889 29 21888242871839275222246405745257275088548364400416034343698204186575540060161 30 21888242871839275222246405745257275088548364400416034343698204186575271624705 31 21888242871839275222246405745257275088548364400416034343698204186574734753793 32 21888242871839275222246405745257275088548364400416034343698204186573661011969 33
0
